69
66
64
61
60
68
72
72
71
71
70
69
73
80
82
85
89
93
89
89
93
99
107
102
103
101
100
98
102
104
104
100
105
102
96
87
86
89
90
92
94
96
94
93
95
99
93
92
91
97
97
105
107
107
111
111
114
116
117
114
116
115
120
130
137
135
133
132
134
139
141
144
145
148
151
150
148
142
140
143
149
156
158
155
152
151
146
142
141
141
142
143
157
171
184
190
194
197
203
205
207
206
205
203
205
210
203
196
188
182
176
171
166
161
159
159
156
146
145
141
142
141
140
139
141
137
132
123
118
114
117
119
117
119
117
115
117
122
130
124
122
117
111
110
111
112
113
115
115
113
113
112
110
117
126
136
152
171
187
199
209
220
227
231
234
238
235
232
223
218
212
204
198
196
195
193
184
179
174
171
163
158
154
148
145
139
134
133
130
119
115
109
106
104
99
93
91
91
90
88
86
78
76
79
80
80
83
84
84
87
87
91
93
94
96
103
108
106
104
109
110
108
109
111
114
114
112
115
118
119
117
109
102
99
98
96
97
98
97
96
96
99
104
119
136
158
179
197
213
224
235
240
241
241
242
237
228
223
219
210
205
201
200
197
196
189
182
173
160
155
156
156
153
150
143
131
124
121
115
111
102
101
97
90
79
78
76
74
